%YAML:1.0
cameraMatrix: !!opencv-matrix
   rows: 3
   cols: 3
   dt: d
   data: [ 5.0045366561981575e+02, 0., 3.1950000000000000e+02, 0.,
       5.0045366561981575e+02, 2.3950000000000000e+02, 0., 0., 1. ]
