%YAML:1.0
distCoeffs: !!opencv-matrix
   rows: 5
   cols: 1
   dt: d
   data: [ 2.6410917212899387e-03, -1.1167382465224427e-02, 0., 0.,
       8.2243146931354552e-03 ]
